Title,Author,Publisher,Description
칩 퓨처 (반도체의 미래가 모든 것의 미래다!),임준서,21세기북스,"대한민국은 반도체 패권을 되찾을 수 있을까?
삼성전자와 SK하이닉스의 운명은 어떻게 될 것인가?

냉전 시대에는 핵무기가 가장 중요한 전략 자산이었다면, 시스템 산업이 지배하는 이 시대의 최고 전략 자산은 반도체다. 이 시대 인류에게 ‘전부’가 되어버린 반도체를 어떻게 보아야 할 것인가? 30년간 글로벌 반도체 연구와 사업 현장을 누빈 임준서 연세대학교 시스템반도체공학과 교수는 종합적으로 조망하는 망원경과 세밀한 부분을 들여다보는 현미경이 모두 필요하다고 역설한다. 그리고 그는 『칩 퓨처(CHIP FUTURE): 반도체의 미래가 모든 것의 미래다!』에서 단순한 기술 경쟁 서사를 넘어, 다양한 문화적·철학적 관점에서 반도체 산업의 미래를 조망한다. 저자는 지중해 해변에서 서퍼들을 관찰하면서 파도를 읽는 경험으로 혁신의 비밀을 풀어낸다. 파도를 읽는 경험과 타이밍, 기다림이라는 메타포어(Metaphor)를 세계적인 반도체 기업의 사례에 빗대어 설명함으로써 독자들의 몰입을 끌어내고 있다. 또한 반도체의 파도를 읽는 데 있어 가장 핵심이라고 할 수 있는 3가지 렌즈를 제시한다. 혁신과 생태계, 지정학이 그것이다.

반도체 패권을 읽는 3가지 렌즈
혁신, 생태계, 지정학

첫째, 혁신의 렌즈. 반도체 산업은 현재 다양한 병목 문제에 처해있다. 특히 상상력의 병목을 지적한다. 2030년이 되면 웨이퍼 10억 장을 생산할 수 있는 시대가 도래한다. 기업들은 상상력을 발휘해 내부 목표가 아닌 시장과 동기화된 목표를 가지고 혁신의 로드맵을 마련해야 한다. 무어의 법칙이라는 기술 혁신의 로드맵의 확장성을 가능케 한두 가지 힘, 구현력과 함께 제안력을 확보하지 못하면 모든 투자는 낭비에 그칠 수 있다고 지적한다.

둘째, 생태계 렌즈. 이 책에서 저자는 한국 반도체 산업의 위기를 ‘낙타의 등을 부러뜨린 마지막 지푸라기’로 비유한다. 마이크로소프트가 왜 닫혀있던 윈도우를 열었는지, 폐쇄적인 전략을 고집했던 인텔이 몰락하고 대만의 개방형 팹리스 생태계가 전 세계를 쥐고 흔드는지 등의 사례를 통해 한국의 반도체 산업이 창의성을 발현할 열린 생태계의 방향을 제시한다.

셋째, 지정학 렌즈. 현대 지정학의 판도를 바꾸어놓은 반도체. 트럼프의 대중 제재는 역설적으로 중국의 결속을 강화했고, 화웨이에 대한 미국의 암살 시도는 역효과를 내고 있다. 또한 반도체 기술을 방패로 삼아 중국의 침공을 견제하는 대만 등 현재 반도체 패권 전쟁의 맥락을 짚어보며 미래의 전략적 국경을 어떻게 확대할지 제안한다. 한국의 블루존 찾기는 제2 라그랑주 포인트라는 전략적 균형점을 어떻게 확보하는지에 달려있다고 역설한다.

지금까지 대한민국 경제는 반도체에 크게 의존해왔다. 그러나 반도체 혁신과 생태계, 지정학의 판도가 바뀌며 미래 전망이 안갯속처럼 불투명하다. 우리가 반도체 산업의 주도권을 되찾아올 전략은 무엇인가? 삼성전자와 SK하이닉스의 운명은 어떻게 될 것인가? 이들에게 필요한 혁신과 전략은 무엇인가? 『칩 퓨처(CHIP FUTURE): 반도체의 미래가 모든 것의 미래다!』는 그 해답을 상세히 그리고 설득력 있게 제시한다.

특히, 8가지의 핵심 조언은 반도체 패권 시대를 헤쳐나가는 데 매우 긴요하다. 
① 반도체 전략 탱크로 미래를 예측하고 설계하라. 
② 시스템 아키텍처로 기술 혁신의 설계자가 돼라. 
③ 패키징, 양자 컴퓨팅, 우주, 에너지의 전략적 국경을 확장하라. 
④ 품질과 완성도에서 절대 경쟁력의 기반을 다져라. 
⑤ 개방 생태계로 혁신의 속도를 가속화하라. 
⑥ 블루존에서 기술 외교의 새 지평을 열어라. 
⑦ 대만 위기를 전략적 기회로 전환하라. 
⑧ 인지적 다양성으로 지속 가능한 혁신을 이끌어라,"
